colorvalAPA <- c("#404040", "#f4a582", "#ca0020")
#ca0020 ## red - conflict 
#f4a582 ## pink - same
#404040 ## darkgrey - yoked

colorvalAPA2 <- c("##bababa", "#404040","##f4a582", "#ca0020")
#ca0020 ## red - conflict 
#f4a582 ## pink - same
#bababa ## grey - yoked to same
#404040 ## darkgrey - yoked to conflict
